AAPL    20131001        478.45  482.7725
AAPL    20131002        485.63  482.04
AAPL    20131003        490.51  481.3435
AAPL    20131004        483.86  480.8565
AAPL    20131007        486.56  480.1275
AAPL    20131008        489.94  479.2055
AAPL    20131009        484.64  478.3925
AAPL    20131010        491.32  479.274
AAPL    20131011        486.99  480.415
AAPL    20131014        489.83  481.2975
AAPL    20131015        497.51  482.739
AAPL    20131016        500.79  485.2165
AAPL    20131017        499.98  487.097
AAPL    20131018        505.99  488.561
AAPL    20131021        511.77  489.9605
AAPL    20131022        526.41  490.744
AAPL    20131023        519.0   492.3205
AAPL    20131024        525.0   493.8105
AAPL    20131025        531.32  495.7605
AAPL    20131028        529.04  498.1375
AAPL    20131029        536.27  500.727
AAPL    20131030        519.61  503.618
AAPL    20131031        525.0   505.317


GOOG    20131001        880.25  884.529
GOOG    20131002        882.73  885.8235
GOOG    20131003        888.0   886.9425
GOOG    20131004        875.0   887.6675
GOOG    20131007        867.45  887.2955
GOOG    20131008        865.32  886.4815
GOOG    20131009        856.28  885.2465
GOOG    20131010        863.84  883.6335
GOOG    20131011        866.03  881.9555
GOOG    20131014        866.66  880.532
GOOG    20131015        875.76  879.055
GOOG    20131016        885.87  878.4725
GOOG    20131017        892.99  878.4485
GOOG    20131018        976.58  877.7985
GOOG    20131021        1011.46 881.708
GOOG    20131022        1005.0  887.4735
GOOG    20131023        1001.0  893.3985
GOOG    20131024        1031.87 899.121
GOOG    20131025        1028.82 906.7995
GOOG    20131028        1015.2  914.4995
GOOG    20131029        1019.1  921.8055
GOOG    20131030        1037.43 928.748
GOOG    20131031        1028.93 936.483
