GE      20131001        23.94   23.93
GE      20131002        24.14   23.9615
GE      20131003        24.22   24.019
GE      20131004        24.18   24.063
GE      20131007        23.84   24.1145
GE      20131008        23.92   24.144
GE      20131009        23.84   24.1565
GE      20131010        23.9    24.151
GE      20131011        24.32   24.138
GE      20131014        24.21   24.1655
GE      20131015        24.27   24.173
GE      20131016        24.35   24.18
IBM     20131001        185.34  188.9305
IBM     20131002        185.54  189.016
IBM     20131003        184.7   189.114
IBM     20131004        184.17  189.1815
IBM     20131007        181.85  189.1575
IBM     20131008        181.89  189.066
IBM     20131009        179.37  188.8005
IBM     20131010        183.17  188.4275
IBM     20131011        185.25  188.038
IBM     20131014        185.41  187.74
IBM     20131015        185.74  187.3255
IBM     20131016        185.42  186.9415
AAPL    20131001        478.45  482.7725
AAPL    20131002        485.63  482.04
AAPL    20131003        490.51  481.3435
AAPL    20131004        483.86  480.8565
AAPL    20131007        486.56  480.1275
AAPL    20131008        489.94  479.2055
AAPL    20131009        484.64  478.3925
AAPL    20131010        491.32  479.274
AAPL    20131011        486.99  480.415
AAPL    20131014        489.83  481.2975
AAPL    20131015        497.51  482.739
AAPL    20131016        500.79  485.2165
GOOG    20131001        880.25  884.529
GOOG    20131002        882.73  885.8235
GOOG    20131003        888.0   886.9425
GOOG    20131004        875.0   887.6675
GOOG    20131007        867.45  887.2955
GOOG    20131008        865.32  886.4815
GOOG    20131009        856.28  885.2465
GOOG    20131010        863.84  883.6335
GOOG    20131011        866.03  881.9555
GOOG    20131014        866.66  880.532
GOOG    20131015        875.76  879.055
GOOG    20131016        885.87  878.4725
MSFT    20131001        33.35   32.4915
MSFT    20131002        33.36   32.5715
MSFT    20131003        33.88   32.67
MSFT    20131004        33.69   32.809
MSFT    20131007        33.6    32.928
MSFT    20131008        33.31   33.047
MSFT    20131009        33.07   33.1175
MSFT    20131010        33.31   33.1425
MSFT    20131011        33.68   33.172
MSFT    20131014        33.9    33.2175
MSFT    20131015        34.67   33.2435
MSFT    20131016        34.6    33.306
